1 4 1
1 4 4
1 4 13
1 4 z
2 18 1
2 18 5
2 18 16
2 18 z
3 7 1
3 7 4
3 7 1
3 7 5
3 7 1
3 7 2
3 7 7
3 7 z
4 20 1
4 20 3
4 20 8
4 20 z
5 8 1
5 8 4
5 8 13
5 8 z
6 6 1
6 6 a
7 13 1
7 13 5
7 13 a
8 7 1
8 7 2
8 7 5
8 7 14
8 7 z
9 20 1
9 20 2
9 20 5
9 20 14
9 20 z
10 9 1
10 9 2
10 9 7
10 9 z
11 8 1
11 8 2
11 8 1
11 8 3
11 8 8
11 8 z
12 16 1
12 16 2
12 16 5
12 16 15
12 16 z
13 18 1
13 18 3
13 18 9
13 18 z
14 9 1
14 9 2
14 9 1
14 9 5
14 9 a
15 13 1
15 13 2
15 13 7
15 13 z
16 7 1
16 7 2
16 7 5
16 7 14
16 7 z
17 9 1
17 9 2
17 9 5
17 9 a
18 9 1
18 9 2
18 9 6
18 9 z
19 19 1
19 19 a
20 16 1
20 16 a
21 3 1
21 3 2
21 3 6
21 3 z
22 18 1
22 18 2
22 18 1
22 18 a
23 14 1
23 14 5
23 14 15
23 14 z
24 13 1
24 13 2
24 13 a
25 15 1
25 15 5
25 15 15
25 15 z
26 10 1
26 10 4
26 10 13
26 10 z
27 9 1
27 9 2
27 9 5
27 9 1
27 9 5
27 9 15
27 9 z
28 16 1
28 16 2
28 16 7
28 16 z
29 17 1
29 17 5
29 17 1
29 17 2
29 17 a
30 14 1
30 14 a
31 3 1
31 3 5
31 3 14
31 3 z
32 2 1
32 2 3
32 2 a
33 18 1
33 18 4
33 18 13
33 18 z
34 20 1
34 20 2
34 20 7
34 20 z
35 18 1
35 18 4
35 18 13
35 18 z
36 13 1
36 13 2
36 13 5
36 13 16
36 13 z
37 2 1
37 2 3
37 2 10
37 2 z
38 5 1
38 5 4
38 5 1
38 5 2
38 5 7
38 5 z
39 18 1
39 18 5
39 18 16
39 18 z
40 9 1
40 9 2
40 9 1
40 9 5
40 9 16
40 9 z
41 1 1
41 1 5
41 1 a
42 20 1
42 20 5
42 20 a
43 16 1
43 16 2
43 16 1
43 16 2
43 16 5
43 16 1
43 16 3
43 16 a
44 1 1
44 1 3
44 1 8
44 1 z
45 11 1
45 11 a
46 8 1
46 8 2
46 8 1
46 8 5
46 8 a
47 2 1
47 2 2
47 2 a
48 9 1
48 9 5
48 9 15
48 9 z
49 2 1
49 2 4
49 2 13
49 2 z
50 4 1
50 4 a
51 16 1
51 16 a
52 10 1
52 10 5
52 10 14
52 10 z
53 14 1
53 14 2
53 14 7
53 14 z
54 3 1
54 3 2
54 3 5
54 3 15
54 3 z
55 4 1
55 4 5
55 4 16
55 4 z
56 17 1
56 17 a
57 14 1
57 14 2
57 14 7
57 14 z
58 19 1
58 19 2
58 19 7
58 19 z
59 18 1
59 18 3
59 18 a
60 16 1
60 16 2
60 16 a
61 6 1
61 6 2
61 6 1
61 6 2
61 6 1
61 6 2
61 6 5
61 6 15
61 6 z
62 6 1
62 6 3
62 6 8
62 6 z
63 16 1
63 16 4
63 16 13
63 16 z
64 7 1
64 7 a
65 5 1
65 5 a
66 14 1
66 14 2
66 14 7
66 14 z
67 19 1
67 19 2
67 19 6
67 19 z
68 5 1
68 5 2
68 5 6
68 5 z
69 1 1
69 1 4
69 1 11
69 1 z
70 8 1
70 8 a
71 11 1
71 11 a
72 9 1
72 9 4
72 9 13
72 9 z
73 11 1
73 11 a
74 3 1
74 3 2
74 3 a
75 5 1
75 5 2
75 5 5
75 5 16
75 5 z
76 7 1
76 7 3
76 7 8
76 7 z
77 6 1
77 6 2
77 6 a
78 10 1
78 10 a
79 14 1
79 14 5
79 14 15
79 14 z
80 1 1
80 1 5
80 1 15
80 1 z
81 3 1
81 3 3
81 3 a
82 6 1
82 6 2
82 6 7
82 6 z
83 8 1
83 8 2
83 8 5
83 8 15
83 8 z
84 10 1
84 10 2
84 10 7
84 10 z
85 7 1
85 7 3
85 7 8
85 7 z
86 18 1
86 18 3
86 18 8
86 18 z
87 18 1
87 18 a
88 9 1
88 9 2
88 9 1
88 9 2
88 9 6
88 9 z
89 5 1
89 5 3
89 5 10
89 5 z
90 17 1
90 17 5
90 17 14
90 17 z
91 16 1
91 16 3
91 16 8
91 16 z
92 17 1
92 17 2
92 17 a
93 17 1
93 17 4
93 17 12
93 17 z
94 5 1
94 5 2
94 5 a
95 11 1
95 11 4
95 11 13
95 11 z
96 15 1
96 15 2
96 15 5
96 15 15
96 15 z
97 13 1
97 13 2
97 13 5
97 13 14
97 13 z
98 11 1
98 11 4
98 11 a
99 1 1
99 1 2
99 1 a
100 14 1
100 14 5
100 14 15
100 14 z
101 1 1
101 1 4
101 1 1
101 1 2
101 1 7
101 1 z
102 10 1
102 10 4
102 10 12
102 10 z
103 8 1
103 8 a
104 16 1
104 16 2
104 16 a
105 5 1
105 5 2
105 5 7
105 5 z
106 11 1
106 11 2
106 11 7
106 11 z
107 20 1
107 20 2
107 20 7
107 20 z
108 3 1
108 3 2
108 3 7
108 3 z
109 7 1
109 7 2
109 7 7
109 7 z
110 8 1
110 8 2
110 8 7
110 8 z
111 6 1
111 6 2
111 6 a
112 13 1
112 13 2
112 13 a
113 11 1
113 11 2
113 11 a
114 3 1
114 3 3
114 3 9
114 3 z
115 12 1
115 12 4
115 12 1
115 12 5
115 12 15
115 12 z
116 14 1
116 14 3
116 14 a
117 17 1
117 17 3
117 17 10
117 17 z
118 7 1
118 7 4
118 7 a
119 20 1
119 20 4
119 20 1
119 20 5
119 20 15
119 20 z
120 6 1
120 6 3
120 6 1
120 6 5
120 6 15
120 6 z
121 19 1
121 19 3
121 19 8
121 19 z
122 12 1
122 12 2
122 12 7
122 12 z
123 16 1
123 16 3
123 16 a
124 17 1
124 17 3
124 17 10
124 17 z
125 9 1
125 9 3
125 9 8
125 9 z
126 16 1
126 16 4
126 16 a
127 16 1
127 16 a
128 15 1
128 15 2
128 15 1
128 15 2
128 15 a
129 20 1
129 20 2
129 20 5
129 20 15
129 20 z
130 9 1
130 9 3
130 9 9
130 9 z
131 3 1
131 3 a
132 4 1
132 4 2
132 4 a
133 9 1
133 9 2
133 9 6
133 9 z
134 11 1
134 11 5
134 11 15
134 11 z
135 14 1
135 14 3
135 14 a
136 16 1
136 16 2
136 16 a
137 2 1
137 2 4
137 2 13
137 2 z
138 6 1
138 6 3
138 6 9
138 6 z
139 5 1
139 5 a
140 14 1
140 14 2
140 14 1
140 14 2
140 14 6
140 14 z
141 5 1
141 5 2
141 5 1
141 5 2
141 5 7
141 5 z
142 6 1
142 6 2
142 6 7
142 6 z
143 8 1
143 8 2
143 8 6
143 8 z
144 13 1
144 13 2
144 13 a
145 20 1
145 20 3
145 20 9
145 20 z
146 5 1
146 5 2
146 5 7
146 5 z
147 20 1
147 20 2
147 20 a
148 9 1
148 9 4
148 9 a
149 12 1
149 12 2
149 12 6
149 12 z
150 15 1
150 15 3
150 15 8
150 15 z
151 2 1
151 2 3
151 2 10
151 2 z
152 4 1
152 4 4
152 4 12
152 4 z
153 11 1
153 11 4
153 11 12
153 11 z
154 15 1
154 15 5
154 15 1
154 15 4
154 15 a
155 4 1
155 4 2
155 4 a
156 14 1
156 14 5
156 14 1
156 14 2
156 14 5
156 14 1
156 14 2
156 14 7
156 14 z
157 6 1
157 6 2
157 6 7
157 6 z
158 11 1
158 11 2
158 11 a
159 14 1
159 14 4
159 14 13
159 14 z
160 2 1
160 2 2
160 2 5
160 2 16
160 2 z
161 3 1
161 3 4
161 3 12
161 3 z
162 9 1
162 9 4
162 9 13
162 9 z
163 16 1
163 16 a
164 7 1
164 7 3
164 7 1
164 7 4
164 7 13
164 7 z
165 13 1
165 13 3
165 13 10
165 13 z
166 10 1
166 10 2
166 10 6
166 10 z
167 3 1
167 3 5
167 3 15
167 3 z
168 2 1
168 2 2
168 2 7
168 2 z
169 2 1
169 2 2
169 2 6
169 2 z
170 2 1
170 2 2
170 2 1
170 2 3
170 2 8
170 2 z
171 2 1
171 2 2
171 2 6
171 2 z
172 19 1
172 19 2
172 19 1
172 19 4
172 19 1
172 19 a
173 11 1
173 11 2
173 11 a
174 11 1
174 11 3
174 11 10
174 11 z
175 7 1
175 7 5
175 7 1
175 7 5
175 7 16
175 7 z
176 2 1
176 2 5
176 2 1
176 2 4
176 2 a
177 10 1
177 10 5
177 10 16
177 10 z
178 18 1
178 18 5
178 18 1
178 18 a
179 17 1
179 17 2
179 17 5
179 17 16
179 17 z
180 17 1
180 17 5
180 17 1
180 17 3
180 17 10
180 17 z
181 14 1
181 14 2
181 14 7
181 14 z
182 18 1
182 18 2
182 18 5
182 18 1
182 18 2
182 18 1
182 18 2
182 18 6
182 18 z
183 19 1
183 19 2
183 19 1
183 19 2
183 19 6
183 19 z
184 12 1
184 12 a
185 5 1
185 5 2
185 5 a
186 15 1
186 15 2
186 15 1
186 15 a
187 17 1
187 17 2
187 17 1
187 17 2
187 17 a
188 5 1
188 5 a
189 13 1
189 13 3
189 13 8
189 13 z
190 12 1
190 12 5
190 12 15
190 12 z
191 10 1
191 10 2
191 10 6
191 10 z
192 16 1
192 16 2
192 16 5
192 16 15
192 16 z
193 4 1
193 4 2
193 4 5
193 4 15
193 4 z
194 18 1
194 18 5
194 18 14
194 18 z
195 2 1
195 2 5
195 2 14
195 2 z
196 2 1
196 2 3
196 2 a
197 15 1
197 15 5
197 15 14
197 15 z
198 19 1
198 19 3
198 19 10
198 19 z
199 3 1
199 3 5
199 3 16
199 3 z
200 6 1
200 6 5
200 6 15
200 6 z
201 8 1
201 8 5
201 8 16
201 8 z
202 15 1
202 15 2
202 15 7
202 15 z
203 12 1
203 12 2
203 12 7
203 12 z
204 7 1
204 7 4
204 7 13
204 7 z
205 14 1
205 14 a
206 3 1
206 3 2
206 3 a
207 4 1
207 4 5
207 4 1
207 4 4
207 4 13
207 4 z
208 4 1
208 4 a
209 13 1
209 13 2
209 13 6
209 13 z
210 7 1
210 7 3
210 7 9
210 7 z
211 19 1
211 19 2
211 19 7
211 19 z
212 2 1
212 2 2
212 2 a
213 2 1
213 2 4
213 2 12
213 2 z
214 1 1
214 1 4
214 1 13
214 1 z
215 14 1
215 14 3
215 14 a
216 18 1
216 18 2
216 18 1
216 18 2
216 18 1
216 18 2
216 18 7
216 18 z
217 12 1
217 12 3
217 12 8
217 12 z
218 3 1
218 3 4
218 3 a
219 9 1
219 9 3
219 9 8
219 9 z
220 5 1
220 5 3
220 5 8
220 5 z
221 9 1
221 9 2
221 9 5
221 9 14
221 9 z
222 13 1
222 13 2
222 13 a
223 3 1
223 3 5
223 3 14
223 3 z
224 9 1
224 9 3
224 9 8
224 9 z
225 6 1
225 6 2
225 6 a
226 12 1
226 12 5
226 12 15
226 12 z
227 16 1
227 16 5
227 16 14
227 16 z
228 5 1
228 5 2
228 5 1
228 5 4
228 5 13
228 5 z
229 16 1
229 16 2
229 16 5
229 16 1
229 16 2
229 16 7
229 16 z
230 7 1
230 7 4
230 7 13
230 7 z
231 2 1
231 2 2
231 2 a
232 8 1
232 8 a
233 5 1
233 5 4
233 5 11
233 5 z
234 17 1
234 17 2
234 17 6
234 17 z
235 19 1
235 19 5
235 19 15
235 19 z
236 16 1
236 16 4
236 16 11
236 16 z
237 12 1
237 12 5
237 12 15
237 12 z
238 3 1
238 3 4
238 3 11
238 3 z
239 13 1
239 13 4
239 13 13
239 13 z
240 11 1
240 11 2
240 11 a
241 19 1
241 19 2
241 19 7
241 19 z
242 17 1
242 17 2
242 17 1
242 17 a
243 8 1
243 8 3
243 8 a
244 17 1
244 17 5
244 17 15
244 17 z
245 18 1
245 18 a
246 8 1
246 8 5
246 8 15
246 8 z
247 20 1
247 20 2
247 20 5
247 20 15
247 20 z
248 13 1
248 13 2
248 13 7
248 13 z
249 19 1
249 19 2
249 19 6
249 19 z
250 16 1
250 16 2
250 16 a
251 5 1
251 5 2
251 5 5
251 5 a
252 18 1
252 18 2
252 18 a
253 16 1
253 16 2
253 16 6
253 16 z
254 1 1
254 1 5
254 1 16
254 1 z
255 3 1
255 3 2
255 3 1
255 3 a
256 10 1
256 10 3
256 10 10
256 10 z
257 20 1
257 20 2
257 20 1
257 20 a
258 13 1
258 13 3
258 13 9
258 13 z
259 15 1
259 15 2
259 15 7
259 15 z
260 13 1
260 13 a
261 7 1
261 7 2
261 7 7
261 7 z
262 9 1
262 9 2
262 9 6
262 9 z
263 9 1
263 9 4
263 9 13
263 9 z
264 11 1
264 11 4
264 11 1
264 11 4
264 11 1
264 11 2
264 11 7
264 11 z
265 11 1
265 11 5
265 11 15
265 11 z
266 1 1
266 1 3
266 1 1
266 1 2
266 1 5
266 1 15
266 1 z
267 1 1
267 1 5
267 1 15
267 1 z
268 2 1
268 2 2
268 2 5
268 2 15
268 2 z
269 1 1
269 1 2
269 1 a
270 4 1
270 4 2
270 4 5
270 4 16
270 4 z
271 12 1
271 12 3
271 12 8
271 12 z
272 20 1
272 20 5
272 20 15
272 20 z
273 17 1
273 17 5
273 17 15
273 17 z
274 12 1
274 12 3
274 12 10
274 12 z
275 7 1
275 7 4
275 7 13
275 7 z
276 4 1
276 4 a
277 10 1
277 10 2
277 10 7
277 10 z
278 1 1
278 1 4
278 1 a
279 17 1
279 17 a
280 12 1
280 12 3
280 12 8
280 12 z
281 3 1
281 3 2
281 3 7
281 3 z
282 16 1
282 16 2
282 16 5
282 16 15
282 16 z
283 8 1
283 8 5
283 8 15
283 8 z
284 6 1
284 6 a
285 5 1
285 5 2
285 5 5
285 5 a
286 17 1
286 17 4
286 17 11
286 17 z
287 4 1
287 4 2
287 4 6
287 4 z
288 2 1
288 2 2
288 2 a
289 3 1
289 3 a
290 20 1
290 20 a
291 7 1
291 7 2
291 7 7
291 7 z
292 12 1
292 12 2
292 12 a
293 1 1
293 1 2
293 1 1
293 1 5
293 1 15
293 1 z
294 9 1
294 9 5
294 9 15
294 9 z
295 6 1
295 6 2
295 6 7
295 6 z
296 13 1
296 13 2
296 13 5
296 13 14
296 13 z
297 11 1
297 11 5
297 11 1
297 11 3
297 11 1
297 11 5
297 11 15
297 11 z
298 15 1
298 15 4
298 15 11
298 15 z
299 18 1
299 18 4
299 18 13
299 18 z
300 2 1
300 2 3
300 2 9
300 2 z
301 5 1
301 5 4
301 5 13
301 5 z
302 12 1
302 12 3
302 12 10
302 12 z
303 17 1
303 17 2
303 17 7
303 17 z
304 13 1
304 13 2
304 13 6
304 13 z
305 8 1
305 8 2
305 8 1
305 8 a
306 18 1
306 18 a
307 17 1
307 17 2
307 17 5
307 17 15
307 17 z
308 5 1
308 5 2
308 5 7
308 5 z
309 17 1
309 17 3
309 17 a
310 14 1
310 14 a
311 4 1
311 4 5
311 4 1
311 4 2
311 4 6
311 4 z
312 5 1
312 5 4
312 5 a
313 18 1
313 18 a
314 3 1
314 3 4
314 3 12
314 3 z
315 18 1
315 18 4
315 18 13
315 18 z
316 2 1
316 2 4
316 2 13
316 2 z
317 6 1
317 6 3
317 6 a
318 12 1
318 12 2
318 12 1
318 12 4
318 12 1
318 12 3
318 12 10
318 12 z
319 7 1
319 7 a
320 5 1
320 5 5
320 5 16
320 5 z
321 18 1
321 18 2
321 18 a
322 20 1
322 20 4
322 20 13
322 20 z
323 16 1
323 16 2
323 16 5
323 16 a
324 20 1
324 20 a
325 1 1
325 1 5
325 1 14
325 1 z
326 10 1
326 10 2
326 10 5
326 10 15
326 10 z
327 13 1
327 13 5
327 13 a
328 19 1
328 19 5
328 19 1
328 19 3
328 19 a
329 8 1
329 8 4
329 8 a
330 4 1
330 4 2
330 4 7
330 4 z
331 2 1
331 2 4
331 2 13
331 2 z
332 12 1
332 12 4
332 12 13
332 12 z
333 16 1
333 16 5
333 16 16
333 16 z
334 6 1
334 6 2
334 6 7
334 6 z
335 20 1
335 20 a
336 9 1
336 9 2
336 9 5
336 9 1
336 9 2
336 9 5
336 9 15
336 9 z
337 14 1
337 14 a
338 1 1
338 1 a
339 16 1
339 16 5
339 16 a
340 9 1
340 9 2
340 9 5
340 9 15
340 9 z
341 18 1
341 18 3
341 18 9
341 18 z
342 15 1
342 15 2
342 15 a
343 19 1
343 19 a
344 3 1
344 3 3
344 3 10
344 3 z
345 19 1
345 19 4
345 19 1
345 19 5
345 19 16
345 19 z
346 2 1
346 2 4
346 2 13
346 2 z
347 15 1
347 15 3
347 15 a
348 13 1
348 13 3
348 13 a
349 20 1
349 20 a
350 8 1
350 8 4
350 8 13
350 8 z
351 12 1
351 12 4
351 12 a
352 5 1
352 5 3
352 5 8
352 5 z
353 17 1
353 17 5
353 17 1
353 17 3
353 17 8
353 17 z
354 13 1
354 13 2
354 13 1
354 13 2
354 13 5
354 13 1
354 13 2
354 13 1
354 13 5
354 13 1
354 13 4
354 13 a
355 19 1
355 19 2
355 19 7
355 19 z
356 8 1
356 8 4
356 8 13
356 8 z
357 12 1
357 12 5
357 12 15
357 12 z
358 18 1
358 18 a
359 9 1
359 9 a
360 1 1
360 1 4
360 1 11
360 1 z
361 8 1
361 8 4
361 8 1
361 8 2
361 8 7
361 8 z
362 11 1
362 11 2
362 11 5
362 11 1
362 11 2
362 11 a
363 20 1
363 20 3
363 20 9
363 20 z
364 19 1
364 19 3
364 19 10
364 19 z
365 20 1
365 20 3
365 20 a
366 10 1
366 10 3
366 10 9
366 10 z
367 15 1
367 15 2
367 15 5
367 15 a
368 19 1
368 19 2
368 19 a
369 11 1
369 11 3
369 11 10
369 11 z
370 15 1
370 15 2
370 15 a
371 16 1
371 16 a
372 4 1
372 4 a
373 9 1
373 9 2
373 9 5
373 9 16
373 9 z
374 1 1
374 1 2
374 1 a
375 19 1
375 19 a
376 3 1
376 3 2
376 3 5
376 3 15
376 3 z
377 8 1
377 8 4
377 8 13
377 8 z
378 19 1
378 19 3
378 19 8
378 19 z
379 9 1
379 9 2
379 9 1
379 9 4
379 9 13
379 9 z
380 14 1
380 14 2
380 14 5
380 14 14
380 14 z
381 19 1
381 19 a
382 2 1
382 2 2
382 2 7
382 2 z
383 20 1
383 20 5
383 20 14
383 20 z
384 12 1
384 12 a
385 6 1
385 6 a
386 20 1
386 20 2
386 20 a
387 6 1
387 6 3
387 6 9
387 6 z
388 19 1
388 19 3
388 19 9
388 19 z
389 17 1
389 17 2
389 17 a
390 20 1
390 20 3
390 20 10
390 20 z
391 6 1
391 6 2
391 6 1
391 6 5
391 6 16
391 6 z
392 10 1
392 10 2
392 10 7
392 10 z
393 14 1
393 14 2
393 14 6
393 14 z
394 17 1
394 17 2
394 17 6
394 17 z
395 8 1
395 8 2
395 8 a
396 3 1
396 3 2
396 3 5
396 3 15
396 3 z
397 2 1
397 2 2
397 2 5
397 2 15
397 2 z
398 12 1
398 12 2
398 12 6
398 12 z
399 1 1
399 1 5
399 1 1
399 1 4
399 1 13
399 1 z
400 9 1
400 9 4
400 9 12
400 9 z
401 17 1
401 17 a
402 10 1
402 10 4
402 10 1
402 10 3
402 10 a
403 18 1
403 18 2
403 18 1
403 18 2
403 18 1
403 18 2
403 18 1
403 18 a
404 19 1
404 19 5
404 19 1
404 19 2
404 19 5
404 19 15
404 19 z
405 13 1
405 13 a
406 11 1
406 11 2
406 11 6
406 11 z
407 4 1
407 4 4
407 4 13
407 4 z
408 12 1
408 12 5
408 12 15
408 12 z
409 2 1
409 2 a
410 1 1
410 1 5
410 1 15
410 1 z
411 14 1
411 14 2
411 14 1
411 14 4
411 14 1
411 14 2
411 14 a
412 4 1
412 4 2
412 4 6
412 4 z
413 15 1
413 15 2
413 15 a
414 12 1
414 12 5
414 12 14
414 12 z
415 5 1
415 5 a
416 14 1
416 14 3
416 14 8
416 14 z
417 1 1
417 1 3
417 1 a
418 17 1
418 17 2
418 17 7
418 17 z
419 19 1
419 19 2
419 19 5
419 19 15
419 19 z
420 13 1
420 13 2
420 13 1
420 13 2
420 13 5
420 13 1
420 13 3
420 13 8
420 13 z
421 17 1
421 17 5
421 17 14
421 17 z
422 3 1
422 3 3
422 3 10
422 3 z
423 17 1
423 17 3
423 17 9
423 17 z
424 15 1
424 15 5
424 15 a
425 14 1
425 14 4
425 14 a
426 3 1
426 3 a
427 5 1
427 5 a
428 18 1
428 18 2
428 18 1
428 18 5
428 18 a
429 15 1
429 15 2
429 15 1
429 15 2
429 15 5
429 15 15
429 15 z
430 9 1
430 9 2
430 9 a
431 8 1
431 8 3
431 8 8
431 8 z
432 14 1
432 14 3
432 14 8
432 14 z
433 2 1
433 2 2
433 2 a
434 3 1
434 3 2
434 3 7
434 3 z
435 14 1
435 14 2
435 14 7
435 14 z
436 13 1
436 13 2
436 13 7
436 13 z
437 15 1
437 15 a
438 9 1
438 9 2
438 9 6
438 9 z
439 13 1
439 13 2
439 13 a
440 17 1
440 17 3
440 17 1
440 17 2
440 17 1
440 17 2
440 17 6
440 17 z
441 4 1
441 4 4
441 4 1
441 4 5
441 4 16
441 4 z
442 4 1
442 4 3
442 4 a
443 16 1
443 16 4
443 16 13
443 16 z
444 9 1
444 9 a
445 15 1
445 15 2
445 15 1
445 15 3
445 15 1
445 15 2
445 15 a
446 5 1
446 5 4
446 5 a
447 9 1
447 9 2
447 9 1
447 9 a
448 1 1
448 1 3
448 1 1
448 1 2
448 1 a
449 17 1
449 17 2
449 17 1
449 17 a
450 2 1
450 2 3
450 2 1
450 2 3
450 2 8
450 2 z
451 15 1
451 15 5
451 15 15
451 15 z
452 15 1
452 15 5
452 15 1
452 15 5
452 15 16
452 15 z
453 6 1
453 6 3
453 6 a
454 7 1
454 7 5
454 7 15
454 7 z
455 13 1
455 13 3
455 13 1
455 13 a
456 13 1
456 13 3
456 13 1
456 13 2
456 13 5
456 13 14
456 13 z
457 3 1
457 3 2
457 3 6
457 3 z
458 15 1
458 15 4
458 15 12
458 15 z
459 6 1
459 6 2
459 6 6
459 6 z
460 19 1
460 19 a
461 8 1
461 8 2
461 8 5
461 8 a
462 19 1
462 19 4
462 19 1
462 19 5
462 19 15
462 19 z
463 1 1
463 1 2
463 1 7
463 1 z
464 9 1
464 9 2
464 9 5
464 9 16
464 9 z
465 11 1
465 11 2
465 11 5
465 11 16
465 11 z
466 16 1
466 16 4
466 16 13
466 16 z
467 6 1
467 6 2
467 6 a
468 10 1
468 10 5
468 10 a
469 17 1
469 17 5
469 17 a
470 17 1
470 17 a
471 5 1
471 5 5
471 5 14
471 5 z
472 16 1
472 16 3
472 16 9
472 16 z
473 2 1
473 2 2
473 2 1
473 2 a
474 7 1
474 7 5
474 7 16
474 7 z
475 20 1
475 20 2
475 20 6
475 20 z
476 18 1
476 18 a
477 11 1
477 11 a
478 15 1
478 15 a
479 2 1
479 2 4
479 2 a
480 18 1
480 18 2
480 18 1
480 18 3
480 18 8
480 18 z
481 12 1
481 12 2
481 12 6
481 12 z
482 1 1
482 1 2
482 1 7
482 1 z
483 9 1
483 9 3
483 9 8
483 9 z
484 1 1
484 1 4
484 1 a
485 13 1
485 13 2
485 13 7
485 13 z
486 7 1
486 7 a
487 8 1
487 8 2
487 8 a
488 3 1
488 3 2
488 3 5
488 3 15
488 3 z
489 2 1
489 2 2
489 2 5
489 2 14
489 2 z
490 14 1
490 14 3
490 14 a
491 19 1
491 19 a
492 8 1
492 8 2
492 8 7
492 8 z
493 1 1
493 1 5
493 1 14
493 1 z
494 16 1
494 16 2
494 16 7
494 16 z
495 5 1
495 5 2
495 5 1
495 5 4
495 5 11
495 5 z
496 8 1
496 8 2
496 8 1
496 8 2
496 8 1
496 8 a
497 20 1
497 20 2
497 20 a
498 12 1
498 12 3
498 12 a
499 2 1
499 2 4
499 2 a
500 17 1
500 17 5
500 17 15
500 17 z
501 15 1
501 15 5
501 15 15
501 15 z
502 5 1
502 5 4
502 5 11
502 5 z
503 14 1
503 14 a
504 11 1
504 11 2
504 11 1
504 11 a
505 11 1
505 11 2
505 11 a
506 6 1
506 6 2
506 6 7
506 6 z
507 19 1
507 19 3
507 19 a
508 17 1
508 17 2
508 17 1
508 17 5
508 17 a
509 18 1
509 18 a
510 1 1
510 1 a
511 2 1
511 2 2
511 2 a
512 8 1
512 8 2
512 8 6
512 8 z
513 14 1
513 14 5
513 14 14
513 14 z
514 16 1
514 16 a
515 4 1
515 4 5
515 4 a
516 2 1
516 2 3
516 2 8
516 2 z
517 6 1
517 6 2
517 6 1
517 6 2
517 6 1
517 6 a
518 4 1
518 4 a
519 1 1
519 1 2
519 1 a
520 7 1
520 7 a
521 4 1
521 4 2
521 4 a
522 2 1
522 2 3
522 2 9
522 2 z
523 6 1
523 6 4
523 6 11
523 6 z
524 17 1
524 17 4
524 17 12
524 17 z
525 13 1
525 13 a
526 1 1
526 1 3
526 1 9
526 1 z
527 15 1
527 15 2
527 15 5
527 15 15
527 15 z
528 4 1
528 4 3
528 4 9
528 4 z
529 19 1
529 19 a
530 3 1
530 3 2
530 3 a
531 8 1
531 8 4
531 8 11
531 8 z
532 17 1
532 17 3
532 17 a
533 8 1
533 8 2
533 8 1
533 8 3
533 8 9
533 8 z
534 4 1
534 4 2
534 4 7
534 4 z
535 11 1
535 11 3
535 11 a
536 3 1
536 3 2
536 3 1
536 3 4
536 3 11
536 3 z
537 16 1
537 16 2
537 16 7
537 16 z
538 3 1
538 3 5
538 3 16
538 3 z
539 19 1
539 19 a
540 8 1
540 8 4
540 8 12
540 8 z
541 5 1
541 5 2
541 5 7
541 5 z
542 18 1
542 18 2
542 18 a
543 3 1
543 3 4
543 3 a
544 4 1
544 4 4
544 4 a
545 4 1
545 4 3
545 4 8
545 4 z
546 2 1
546 2 3
546 2 1
546 2 5
546 2 14
546 2 z
547 20 1
547 20 2
547 20 1
547 20 4
547 20 a
548 10 1
548 10 a
549 5 1
549 5 2
549 5 a
550 15 1
550 15 4
550 15 1
550 15 a
551 19 1
551 19 2
551 19 7
551 19 z
552 19 1
552 19 2
552 19 7
552 19 z
553 9 1
553 9 a
554 3 1
554 3 3
554 3 10
554 3 z
555 6 1
555 6 2
555 6 7
555 6 z
556 3 1
556 3 4
556 3 1
556 3 2
556 3 6
556 3 z
557 18 1
557 18 3
557 18 10
557 18 z
558 20 1
558 20 4
558 20 1
558 20 2
558 20 6
558 20 z
559 15 1
559 15 4
559 15 13
559 15 z
560 15 1
560 15 2
560 15 1
560 15 a
561 11 1
561 11 2
561 11 a
562 5 1
562 5 4
562 5 12
562 5 z
563 3 1
563 3 a
564 8 1
564 8 5
564 8 a
565 11 1
565 11 2
565 11 a
566 8 1
566 8 2
566 8 5
566 8 15
566 8 z
567 3 1
567 3 a
568 6 1
568 6 a
569 7 1
569 7 4
569 7 13
569 7 z
570 7 1
570 7 3
570 7 1
570 7 2
570 7 7
570 7 z
571 15 1
571 15 2
571 15 7
571 15 z
572 6 1
572 6 5
572 6 15
572 6 z
573 5 1
573 5 5
573 5 15
573 5 z
574 7 1
574 7 a
575 14 1
575 14 3
575 14 10
575 14 z
576 17 1
576 17 3
576 17 10
576 17 z
577 17 1
577 17 a
578 3 1
578 3 2
578 3 6
578 3 z
579 12 1
579 12 2
579 12 6
579 12 z
580 5 1
580 5 2
580 5 6
580 5 z
581 4 1
581 4 4
581 4 13
581 4 z
582 12 1
582 12 a
583 4 1
583 4 2
583 4 1
583 4 5
583 4 15
583 4 z
584 18 1
584 18 4
584 18 12
584 18 z
585 11 1
585 11 5
585 11 a
586 8 1
586 8 3
586 8 1
586 8 a
587 18 1
587 18 4
587 18 13
587 18 z
588 17 1
588 17 a
589 9 1
589 9 2
589 9 7
589 9 z
590 4 1
590 4 2
590 4 6
590 4 z
591 15 1
591 15 3
591 15 a
592 13 1
592 13 a
593 5 1
593 5 5
593 5 a
594 10 1
594 10 4
594 10 1
594 10 a
595 8 1
595 8 4
595 8 13
595 8 z
596 9 1
596 9 4
596 9 13
596 9 z
597 16 1
597 16 a
598 4 1
598 4 a
599 20 1
599 20 a
600 14 1
600 14 4
600 14 a
601 13 1
601 13 2
601 13 a
602 6 1
602 6 2
602 6 7
602 6 z
603 18 1
603 18 2
603 18 a
604 12 1
604 12 2
604 12 7
604 12 z
605 3 1
605 3 2
605 3 6
605 3 z
606 15 1
606 15 5
606 15 1
606 15 2
606 15 5
606 15 14
606 15 z
607 8 1
607 8 5
607 8 15
607 8 z
608 20 1
608 20 a
609 1 1
609 1 4
609 1 13
609 1 z
610 6 1
610 6 2
610 6 1
610 6 a
611 2 1
611 2 4
611 2 11
611 2 z
612 13 1
612 13 2
612 13 a
613 1 1
613 1 2
613 1 7
613 1 z
614 5 1
614 5 4
614 5 11
614 5 z
615 14 1
615 14 2
615 14 7
615 14 z
616 5 1
616 5 3
616 5 10
616 5 z
617 8 1
617 8 5
617 8 14
617 8 z
618 1 1
618 1 4
618 1 13
618 1 z
619 15 1
619 15 a
620 7 1
620 7 4
620 7 12
620 7 z
621 10 1
621 10 2
621 10 6
621 10 z
622 11 1
622 11 2
622 11 5
622 11 15
622 11 z
623 1 1
623 1 2
623 1 a
624 2 1
624 2 a
625 11 1
625 11 2
625 11 1
625 11 4
625 11 12
625 11 z
626 17 1
626 17 5
626 17 15
626 17 z
627 20 1
627 20 4
627 20 11
627 20 z
628 8 1
628 8 2
628 8 5
628 8 15
628 8 z
629 5 1
629 5 2
629 5 5
629 5 15
629 5 z
630 5 1
630 5 5
630 5 a
631 4 1
631 4 2
631 4 1
631 4 2
631 4 7
631 4 z
632 12 1
632 12 3
632 12 9
632 12 z
633 8 1
633 8 2
633 8 1
633 8 5
633 8 a
634 7 1
634 7 5
634 7 15
634 7 z
635 14 1
635 14 a
636 12 1
636 12 2
636 12 6
636 12 z
637 20 1
637 20 4
637 20 11
637 20 z
638 10 1
638 10 2
638 10 5
638 10 1
638 10 2
638 10 7
638 10 z
639 6 1
639 6 2
639 6 5
639 6 15
639 6 z
640 14 1
640 14 5
640 14 14
640 14 z
641 19 1
641 19 a
642 4 1
642 4 2
642 4 a
643 7 1
643 7 3
643 7 8
643 7 z
644 9 1
644 9 a
645 11 1
645 11 a
646 7 1
646 7 2
646 7 7
646 7 z
647 19 1
647 19 2
647 19 1
647 19 2
647 19 7
647 19 z
648 13 1
648 13 2
648 13 a
649 17 1
649 17 3
649 17 10
649 17 z
650 8 1
650 8 2
650 8 7
650 8 z
651 5 1
651 5 2
651 5 7
651 5 z
652 8 1
652 8 2
652 8 6
652 8 z
653 4 1
653 4 4
653 4 12
653 4 z
654 8 1
654 8 5
654 8 14
654 8 z
655 15 1
655 15 2
655 15 5
655 15 14
655 15 z
656 4 1
656 4 2
656 4 a
657 11 1
657 11 2
657 11 5
657 11 15
657 11 z
658 18 1
658 18 2
658 18 6
658 18 z
659 3 1
659 3 3
659 3 9
659 3 z
660 4 1
660 4 2
660 4 5
660 4 15
660 4 z
661 12 1
661 12 4
661 12 13
661 12 z
662 4 1
662 4 a
663 2 1
663 2 4
663 2 1
663 2 a
664 3 1
664 3 2
664 3 1
664 3 5
664 3 15
664 3 z
665 9 1
665 9 2
665 9 1
665 9 2
665 9 1
665 9 2
665 9 a
666 10 1
666 10 3
666 10 8
666 10 z
667 19 1
667 19 3
667 19 9
667 19 z
668 2 1
668 2 3
668 2 10
668 2 z
669 7 1
669 7 2
669 7 a
670 15 1
670 15 2
670 15 a
671 5 1
671 5 2
671 5 5
671 5 15
671 5 z
672 14 1
672 14 5
672 14 14
672 14 z
673 19 1
673 19 a
674 2 1
674 2 a
675 12 1
675 12 4
675 12 13
675 12 z
676 5 1
676 5 4
676 5 1
676 5 4
676 5 1
676 5 4
676 5 13
676 5 z
677 7 1
677 7 5
677 7 16
677 7 z
678 1 1
678 1 2
678 1 6
678 1 z
679 19 1
679 19 2
679 19 a
680 2 1
680 2 2
680 2 6
680 2 z
681 16 1
681 16 2
681 16 1
681 16 5
681 16 14
681 16 z
682 13 1
682 13 5
682 13 a
683 12 1
683 12 4
683 12 1
683 12 a
684 12 1
684 12 5
684 12 15
684 12 z
685 10 1
685 10 a
686 5 1
686 5 3
686 5 8
686 5 z
687 8 1
687 8 5
687 8 16
687 8 z
688 18 1
688 18 2
688 18 a
689 19 1
689 19 2
689 19 7
689 19 z
690 20 1
690 20 3
690 20 10
690 20 z
691 20 1
691 20 2
691 20 a
692 6 1
692 6 2
692 6 6
692 6 z
693 7 1
693 7 3
693 7 a
694 2 1
694 2 5
694 2 15
694 2 z
695 8 1
695 8 3
695 8 9
695 8 z
696 12 1
696 12 4
696 12 12
696 12 z
697 14 1
697 14 2
697 14 6
697 14 z
698 15 1
698 15 3
698 15 9
698 15 z
699 3 1
699 3 3
699 3 10
699 3 z
700 7 1
700 7 5
700 7 1
700 7 2
700 7 6
700 7 z
701 1 1
701 1 4
701 1 a
702 11 1
702 11 3
702 11 1
702 11 2
702 11 1
702 11 4
702 11 1
702 11 2
702 11 6
702 11 z
703 15 1
703 15 3
703 15 a
704 3 1
704 3 2
704 3 6
704 3 z
705 17 1
705 17 4
705 17 13
705 17 z
706 20 1
706 20 2
706 20 5
706 20 14
706 20 z
707 3 1
707 3 2
707 3 a
708 18 1
708 18 a
709 5 1
709 5 5
709 5 1
709 5 2
709 5 6
709 5 z
710 7 1
710 7 2
710 7 a
711 15 1
711 15 2
711 15 1
711 15 3
711 15 8
711 15 z
712 3 1
712 3 3
712 3 a
713 11 1
713 11 4
713 11 13
713 11 z
714 11 1
714 11 2
714 11 1
714 11 4
714 11 13
714 11 z
715 15 1
715 15 a
716 3 1
716 3 4
716 3 13
716 3 z
717 8 1
717 8 4
717 8 11
717 8 z
718 1 1
718 1 5
718 1 15
718 1 z
719 5 1
719 5 4
719 5 a
720 20 1
720 20 a
721 13 1
721 13 2
721 13 6
721 13 z
722 19 1
722 19 3
722 19 10
722 19 z
723 6 1
723 6 3
723 6 a
724 5 1
724 5 2
724 5 7
724 5 z
725 5 1
725 5 3
725 5 a
726 14 1
726 14 5
726 14 a
727 12 1
727 12 2
727 12 5
727 12 1
727 12 2
727 12 a
728 3 1
728 3 3
728 3 a
729 19 1
729 19 a
730 5 1
730 5 2
730 5 5
730 5 a
731 17 1
731 17 2
731 17 6
731 17 z
732 20 1
732 20 3
732 20 8
732 20 z
733 1 1
733 1 3
733 1 10
733 1 z
734 1 1
734 1 3
734 1 a
735 8 1
735 8 2
735 8 a
736 2 1
736 2 4
736 2 13
736 2 z
737 8 1
737 8 a
738 13 1
738 13 5
738 13 1
738 13 2
738 13 1
738 13 2
738 13 6
738 13 z
739 18 1
739 18 3
739 18 10
739 18 z
740 17 1
740 17 5
740 17 1
740 17 3
740 17 8
740 17 z
741 20 1
741 20 5
741 20 15
741 20 z
742 18 1
742 18 2
742 18 a
743 13 1
743 13 5
743 13 16
743 13 z
744 6 1
744 6 5
744 6 15
744 6 z
745 4 1
745 4 4
745 4 13
745 4 z
746 17 1
746 17 3
746 17 8
746 17 z
747 12 1
747 12 2
747 12 a
748 14 1
748 14 4
748 14 12
748 14 z
749 9 1
749 9 5
749 9 15
749 9 z
750 8 1
750 8 3
750 8 8
750 8 z
751 4 1
751 4 a
752 14 1
752 14 a
753 3 1
753 3 4
753 3 11
753 3 z
754 20 1
754 20 3
754 20 8
754 20 z
755 3 1
755 3 3
755 3 10
755 3 z
756 15 1
756 15 2
756 15 1
756 15 2
756 15 a
757 14 1
757 14 3
757 14 8
757 14 z
758 8 1
758 8 3
758 8 8
758 8 z
759 14 1
759 14 4
759 14 a
760 7 1
760 7 3
760 7 10
760 7 z
761 19 1
761 19 5
761 19 15
761 19 z
762 17 1
762 17 3
762 17 1
762 17 2
762 17 7
762 17 z
763 3 1
763 3 5
763 3 a
764 14 1
764 14 4
764 14 a
765 13 1
765 13 5
765 13 15
765 13 z
766 2 1
766 2 3
766 2 a
767 8 1
767 8 4
767 8 a
768 5 1
768 5 4
768 5 11
768 5 z
769 5 1
769 5 3
769 5 8
769 5 z
770 14 1
770 14 2
770 14 6
770 14 z
771 18 1
771 18 a
772 5 1
772 5 2
772 5 5
772 5 15
772 5 z
773 14 1
773 14 3
773 14 a
774 12 1
774 12 a
775 14 1
775 14 a
776 6 1
776 6 2
776 6 5
776 6 14
776 6 z
777 9 1
777 9 2
777 9 a
778 14 1
778 14 2
778 14 1
778 14 2
778 14 5
778 14 15
778 14 z
779 1 1
779 1 2
779 1 7
779 1 z
780 16 1
780 16 2
780 16 7
780 16 z
781 2 1
781 2 2
781 2 7
781 2 z
782 1 1
782 1 2
782 1 6
782 1 z
783 14 1
783 14 2
783 14 6
783 14 z
784 6 1
784 6 5
784 6 14
784 6 z
785 7 1
785 7 3
785 7 1
785 7 2
785 7 6
785 7 z
786 13 1
786 13 2
786 13 1
786 13 2
786 13 1
786 13 4
786 13 1
786 13 3
786 13 a
787 10 1
787 10 2
787 10 5
787 10 14
787 10 z
788 12 1
788 12 2
788 12 5
788 12 15
788 12 z
789 15 1
789 15 4
789 15 11
789 15 z
790 11 1
790 11 2
790 11 6
790 11 z
791 4 1
791 4 2
791 4 1
791 4 3
791 4 9
791 4 z
792 14 1
792 14 2
792 14 1
792 14 2
792 14 5
792 14 15
792 14 z
793 10 1
793 10 5
793 10 16
793 10 z
794 13 1
794 13 3
794 13 10
794 13 z
795 6 1
795 6 a
796 20 1
796 20 a
797 5 1
797 5 4
797 5 a
798 2 1
798 2 2
798 2 5
798 2 15
798 2 z
799 16 1
799 16 2
799 16 6
799 16 z
800 15 1
800 15 2
800 15 5
800 15 16
800 15 z
801 7 1
801 7 3
801 7 9
801 7 z
802 19 1
802 19 3
802 19 9
802 19 z
803 19 1
803 19 5
803 19 14
803 19 z
804 2 1
804 2 2
804 2 7
804 2 z
805 20 1
805 20 3
805 20 8
805 20 z
806 20 1
806 20 2
806 20 6
806 20 z
807 20 1
807 20 a
808 18 1
808 18 3
808 18 8
808 18 z
809 6 1
809 6 2
809 6 a
810 10 1
810 10 5
810 10 15
810 10 z
811 13 1
811 13 3
811 13 10
811 13 z
812 18 1
812 18 a
813 9 1
813 9 4
813 9 11
813 9 z
814 8 1
814 8 a
815 5 1
815 5 5
815 5 15
815 5 z
816 20 1
816 20 5
816 20 14
816 20 z
817 3 1
817 3 2
817 3 5
817 3 1
817 3 3
817 3 8
817 3 z
818 9 1
818 9 2
818 9 a
819 8 1
819 8 2
819 8 7
819 8 z
820 13 1
820 13 4
820 13 13
820 13 z
821 20 1
821 20 2
821 20 6
821 20 z
822 10 1
822 10 2
822 10 a
823 1 1
823 1 a
824 10 1
824 10 4
824 10 11
824 10 z
825 8 1
825 8 4
825 8 13
825 8 z
826 10 1
826 10 a
827 6 1
827 6 4
827 6 12
827 6 z
828 18 1
828 18 2
828 18 6
828 18 z
829 6 1
829 6 5
829 6 14
829 6 z
830 13 1
830 13 a
831 13 1
831 13 5
831 13 15
831 13 z
832 17 1
832 17 2
832 17 1
832 17 4
832 17 13
832 17 z
833 7 1
833 7 4
833 7 13
833 7 z
834 3 1
834 3 2
834 3 7
834 3 z
835 8 1
835 8 5
835 8 16
835 8 z
836 6 1
836 6 2
836 6 a
837 7 1
837 7 5
837 7 15
837 7 z
838 2 1
838 2 3
838 2 a
839 10 1
839 10 3
839 10 9
839 10 z
840 1 1
840 1 3
840 1 8
840 1 z
841 3 1
841 3 2
841 3 7
841 3 z
842 3 1
842 3 2
842 3 1
842 3 3
842 3 a
843 8 1
843 8 2
843 8 a
844 18 1
844 18 2
844 18 a
845 18 1
845 18 a
846 14 1
846 14 3
846 14 8
846 14 z
847 1 1
847 1 a
848 18 1
848 18 4
848 18 13
848 18 z
849 10 1
849 10 2
849 10 7
849 10 z
850 5 1
850 5 5
850 5 1
850 5 a
851 2 1
851 2 2
851 2 7
851 2 z
852 9 1
852 9 2
852 9 a
853 12 1
853 12 2
853 12 6
853 12 z
854 8 1
854 8 4
854 8 13
854 8 z
855 14 1
855 14 3
855 14 a
856 9 1
856 9 a
857 7 1
857 7 2
857 7 5
857 7 15
857 7 z
858 1 1
858 1 5
858 1 15
858 1 z
859 9 1
859 9 5
859 9 a
860 7 1
860 7 2
860 7 a
861 8 1
861 8 5
861 8 16
861 8 z
862 4 1
862 4 2
862 4 7
862 4 z
863 11 1
863 11 2
863 11 5
863 11 16
863 11 z
864 1 1
864 1 4
864 1 11
864 1 z
865 3 1
865 3 2
865 3 6
865 3 z
866 13 1
866 13 3
866 13 8
866 13 z
867 9 1
867 9 5
867 9 16
867 9 z
868 11 1
868 11 2
868 11 a
869 13 1
869 13 2
869 13 a
870 3 1
870 3 4
870 3 a
871 2 1
871 2 2
871 2 1
871 2 2
871 2 1
871 2 a
872 8 1
872 8 a
873 10 1
873 10 2
873 10 6
873 10 z
874 4 1
874 4 5
874 4 15
874 4 z
875 6 1
875 6 a
876 19 1
876 19 2
876 19 6
876 19 z
877 18 1
877 18 2
877 18 7
877 18 z
878 4 1
878 4 2
878 4 a
879 8 1
879 8 3
879 8 10
879 8 z
880 1 1
880 1 3
880 1 10
880 1 z
881 15 1
881 15 3
881 15 a
882 6 1
882 6 2
882 6 6
882 6 z
883 20 1
883 20 5
883 20 15
883 20 z
884 11 1
884 11 2
884 11 a
885 3 1
885 3 2
885 3 a
886 14 1
886 14 3
886 14 8
886 14 z
887 20 1
887 20 4
887 20 11
887 20 z
888 8 1
888 8 a
889 15 1
889 15 a
890 14 1
890 14 2
890 14 1
890 14 5
890 14 15
890 14 z
891 20 1
891 20 2
891 20 1
891 20 2
891 20 6
891 20 z
892 11 1
892 11 5
892 11 15
892 11 z
893 20 1
893 20 5
893 20 14
893 20 z
894 4 1
894 4 2
894 4 a
895 4 1
895 4 2
895 4 6
895 4 z
896 20 1
896 20 4
896 20 1
896 20 2
896 20 1
896 20 2
896 20 5
896 20 15
896 20 z
897 8 1
897 8 3
897 8 8
897 8 z
898 19 1
898 19 3
898 19 9
898 19 z
899 13 1
899 13 2
899 13 7
899 13 z
900 6 1
900 6 2
900 6 6
900 6 z
901 15 1
901 15 2
901 15 5
901 15 15
901 15 z
902 3 1
902 3 2
902 3 5
902 3 a
903 4 1
903 4 2
903 4 7
903 4 z
904 8 1
904 8 2
904 8 5
904 8 15
904 8 z
905 1 1
905 1 2
905 1 7
905 1 z
906 2 1
906 2 3
906 2 9
906 2 z
907 1 1
907 1 2
907 1 7
907 1 z
908 11 1
908 11 3
908 11 8
908 11 z
909 17 1
909 17 2
909 17 7
909 17 z
910 12 1
910 12 a
911 17 1
911 17 4
911 17 a
912 7 1
912 7 5
912 7 15
912 7 z
913 4 1
913 4 2
913 4 1
913 4 2
913 4 7
913 4 z
914 3 1
914 3 4
914 3 a
915 17 1
915 17 5
915 17 15
915 17 z
916 7 1
916 7 2
916 7 7
916 7 z
917 12 1
917 12 2
917 12 7
917 12 z
918 16 1
918 16 4
918 16 a
919 7 1
919 7 2
919 7 a
920 2 1
920 2 5
920 2 15
920 2 z
921 9 1
921 9 5
921 9 1
921 9 2
921 9 5
921 9 a
922 3 1
922 3 2
922 3 7
922 3 z
923 2 1
923 2 2
923 2 5
923 2 15
923 2 z
924 11 1
924 11 2
924 11 5
924 11 14
924 11 z
925 1 1
925 1 5
925 1 1
925 1 2
925 1 7
925 1 z
926 1 1
926 1 a
927 9 1
927 9 2
927 9 a
928 1 1
928 1 2
928 1 1
928 1 2
928 1 a
929 18 1
929 18 2
929 18 5
929 18 1
929 18 5
929 18 1
929 18 2
929 18 a
930 2 1
930 2 2
930 2 1
930 2 2
930 2 a
931 12 1
931 12 3
931 12 a
932 13 1
932 13 2
932 13 a
933 1 1
933 1 5
933 1 15
933 1 z
934 20 1
934 20 2
934 20 6
934 20 z
935 20 1
935 20 4
935 20 a
936 19 1
936 19 4
936 19 a
937 20 1
937 20 5
937 20 14
937 20 z
938 1 1
938 1 a
939 13 1
939 13 3
939 13 a
940 20 1
940 20 4
940 20 a
941 12 1
941 12 2
941 12 7
941 12 z
942 10 1
942 10 2
942 10 7
942 10 z
943 11 1
943 11 4
943 11 a
944 14 1
944 14 a
945 20 1
945 20 2
945 20 1
945 20 a
946 8 1
946 8 5
946 8 15
946 8 z
947 20 1
947 20 a
948 15 1
948 15 3
948 15 1
948 15 4
948 15 13
948 15 z
949 3 1
949 3 5
949 3 a
950 14 1
950 14 5
950 14 1
950 14 2
950 14 1
950 14 5
950 14 a
951 5 1
951 5 2
951 5 5
951 5 a
952 8 1
952 8 2
952 8 6
952 8 z
953 11 1
953 11 a
954 6 1
954 6 2
954 6 6
954 6 z
955 18 1
955 18 a
956 6 1
956 6 5
956 6 15
956 6 z
957 3 1
957 3 a
958 1 1
958 1 2
958 1 5
958 1 1
958 1 2
958 1 5
958 1 16
958 1 z
959 15 1
959 15 4
959 15 a
960 9 1
960 9 2
960 9 1
960 9 5
960 9 16
960 9 z
961 2 1
961 2 a
962 10 1
962 10 5
962 10 a
963 4 1
963 4 2
963 4 7
963 4 z
964 13 1
964 13 2
964 13 1
964 13 2
964 13 5
964 13 a
965 13 1
965 13 2
965 13 7
965 13 z
966 13 1
966 13 5
966 13 15
966 13 z
967 15 1
967 15 4
967 15 12
967 15 z
968 17 1
968 17 5
968 17 15
968 17 z
969 20 1
969 20 a
970 14 1
970 14 a
971 16 1
971 16 5
971 16 14
971 16 z
972 8 1
972 8 4
972 8 a
973 5 1
973 5 2
973 5 1
973 5 3
973 5 10
973 5 z
974 19 1
974 19 4
974 19 11
974 19 z
975 14 1
975 14 a
976 4 1
976 4 a
977 4 1
977 4 2
977 4 1
977 4 2
977 4 6
977 4 z
978 5 1
978 5 2
978 5 a
979 4 1
979 4 a
980 12 1
980 12 2
980 12 5
980 12 15
980 12 z
981 11 1
981 11 3
981 11 10
981 11 z
982 4 1
982 4 a
983 11 1
983 11 2
983 11 5
983 11 a
984 17 1
984 17 2
984 17 1
984 17 a
985 10 1
985 10 2
985 10 1
985 10 2
985 10 a
986 2 1
986 2 2
986 2 a
987 5 1
987 5 3
987 5 10
987 5 z
988 10 1
988 10 a
989 13 1
989 13 2
989 13 5
989 13 15
989 13 z
990 18 1
990 18 a
991 19 1
991 19 2
991 19 1
991 19 2
991 19 5
991 19 14
991 19 z
992 2 1
992 2 2
992 2 a
993 4 1
993 4 2
993 4 5
993 4 1
993 4 3
993 4 8
993 4 z
994 8 1
994 8 3
994 8 10
994 8 z
995 13 1
995 13 2
995 13 a
996 14 1
996 14 2
996 14 5
996 14 14
996 14 z
997 7 1
997 7 2
997 7 1
997 7 2
997 7 7
997 7 z
998 3 1
998 3 2
998 3 7
998 3 z
999 4 1
999 4 5
999 4 15
999 4 z
1000 2 1
1000 2 a
